2370447360
0
4829
-395791
-3280420
0
-977
-856864
7195
-6681788565
0
-4137
6570
0
0
-45280620
10455
138864
0
-115324576
9148425
2515
0
0
0
13441222080
-31
1640
0
252
0
1
-719729466
0
0
0
26
0
60
202
-25775
2775004
39792764
0
7729
0
-493341359
-500162
-121
-6961636
0
-26436
-174108
0
-125
-900
62953060590
0
-681
708628
322254318671565
-323
-72
-87630
0
-228243290
11781
0
94493
3204594
12010228
2284
-120559474
0
-321011712
0
-306
0
-57722
2554242
-369502
-857
5381
-25722
12971
506182
-498653169112
0
-24351
-3916099
-328821
-65481
-463624
3901750
-1447848831
-28
-29126400
1
-312193
0
-640
0
-126716
-4104590
0
-62860
106092
-4465
-12085
-36841
7469
-1863
0
0
3063130294024305
-1
27
740266517
663951286
-4588
-497
0
17085
-1814400
-791748671
-347
69609620520
-38443613
13235931
463144
6334
188576
0
2071
0
6271
-5728992192
40000
-3970
406
-468242237846376
7132402
0
159109
0
81
-3013
49211808
-1
-121440
-37857
-3
-8762
-19100
-1489227
-2791
-7410
18
-14
0
-599563166
2568
0
7187
7571
0
119031
179497967
0
138242
0
-186
12002534129
-7037784
-32122
17559064947510
-17
41663991
-19159207377
23430
-4110507468
0
0
-7782969170
8930
-19097379
95
-21164898
82587648000
-3200
-3485
-10585
-6963040800
406
-224872
0
0
3755565
0
0
