6746505839253335281
-861872368801013551
8895647948877033064
8202378562184811816
-1900192172132435638
8793240120274620727
2058501523230982593
-3716256740992850416
-6050100957619961346
-9066868399531359297
2668067617422029736
6139819318894167300
5008235357209968309
7947268237106203654
-3328907575296288374
4464191942868258392
8569783453088510975
7408545775287307194
5494795163588370784
5877972003615669133
2671744373570919236
-8724723288722012453
-7609048357759480024
5007879657946084932
-8339912128156880296
