-7404239191628693210
7748583695542236150
5031195319121563358
3378037775019915204
-3754175919243794249
6995572237482596448
-5456344146595105850
-1982520208976527181
5732976392927030386
-6448752908627215080
-4374678475208681155
6470597970749210573
3862287631444697661
-1288093621442744445
-8651121217966294221
-4302574712791609167
1814099260616936054
7754838282277457456
657307039104540490
8220379124348257579
8344101991900014326
7649186912396317687
4447077184117691916
8502387255623005578
-1078437173401034683
7914221386073648075
