-65146560
-2475233
-28614784
-251668606535
-161744695
1447066975
1212931992782
707438
68400016073980032
-20770163778
-30779123072140800
29854214860
-109665256
-161882917806744
-14388858364
0
89627
14728238640
317309058465
18104331
-15337473571
6778698
59055328
330763712424512
16760890706
4100045820
59580
4624
-87100
-818214332037081
-1887950607
6232
12502
-5774288896
57511728
-397232
-362426612
21500374748
10119980382137100
1651
16576911160
3810562
34140541685016
165176396
294427176840
11548885
3230329753
7579964
290707882
8140923
-70440466185048
2083946512
-1490644386
2735570
-5178295474
-55124875377725913
7781971
-108394970169481
-69437543
-838347347
-69858641575520
-1610312634
493448940601344000
2390519889
-46489330066
1120389837274
801395306
12208
-58883006805235200
-522090626490674640
1320019237461955
-542677887683624
187375242636
220144
-6068700857
1592290227465
7696373
7535282217876
-457788
134611
-80743171
-18694961
6650484
-1910136
-86421019324
-41014623289865841
3259775876366024
6963628680637806
-1283002560
641760
-20323453
-20577117702834
44435376446214417
-626457807
23280481008774
-4559468
-61425964
-631631
-5305803
1201644829
2708547672
-130220254
-1136066180372039400
32979436800
1669677511418
4568776164
11068261317120
8447
61773
-531448869627757732
334916501784
52127667438
-2769015306
-130916091243939
578458079340
1121330970
-578738
88405481956
192377691888
-1107884
-351485719920720000
-355688070
30739057629750
166049841
-4117495
2006598264
115385055073057
6365681220064844
-203773735
17610198255889
42595890877948
-3816782
-1174146971364
-85201872
185726127
1222611297300
6745945806
-8084509788
-255067147
-593568
-1357118651
-60056788550
349467
1503249652
-5732
105962443559
-509968542
-8390489472640
6508108123064
-70069991
465857
7999968
-59320234520
13509017305286454
416214740109855199
-37299482
2598999703493
-1945784838
-14830519548
-62695
9898173
-5448720471
1197943416
-1783250086212
-22625399
35266617191
287616482722
13656434968737
-20217081
-531781928
-37817650
-3584837
103311771
697644025848
408778485197701500
-91958629
-6427461
7903053276
19501474036
8124631896069960
4712605
-105872545155
-1337155494986
22692600
131534349798240
133355
1183858096
66687
-4693650431949
89530037656882368
-93569
5501588457422
44562938120160
-58301
3563746408149971400
-612355
17843676
27440586
1397662781080282
6281178827
